28.49273754
132.271456
52.51432884
125.9309177
26.34879271
158.0516168
383.6763802
436.9475083
240.7337638
294.7710342
403.3114899
120.6110744
87.54242414
36.46756885
109.8629832
471.3604909
26.66456882
477.9610326
342.1936755
60.54119011
226.1603263
323.0153191
72.31043594
83.18854643
309.3814238
325.3892087
314.774412
114.8367421
9.801200018
93.73649047
403.572516
432.6808284
425.8530657
73.6514695
480.0103935
375.2458003
352.2954225
295.8195085
87.50073488
254.9744219
220.5329496
114.7490985
26.56879684
68.6665547
175.9259528
361.0572687
135.3556321
116.626251
117.3511144
215.8394817
