355.7663042
263.8927271
122.6519587
373.5242421
97.3965936
405.7897284
139.5952824
248.2462549
418.7316101
23.02954749
387.8878658
6.902133332
147.8194597
425.9758477
338.2666335
451.1377647
16.80730702
448.4425887
499.9005445
455.3835117
405.5910102
127.6532476
378.5969869
446.2671909
427.6306048
99.0546885
128.1978669
202.2057793
170.9178257
239.2523554
499.0250422
247.6566657
339.8682818
271.9242654
183.4735363
29.71463492
282.6339591
113.3499546
71.234927
98.0895194
322.4432493
353.3132274
317.401406
402.1441852
280.275706
256.1568348
359.2400087
230.8504731
31.43497196
484.9101461
134.654146
481.9600772
17.35828063
285.9875987
382.7376188
404.8652219
240.3893382
208.8465018
484.7056825
347.8951346
452.2471982
15.95343948
424.3726747
96.88295125
351.0421026
401.9856834
337.923426
180.3341177
60.78845848
311.0957818
342.2195871
475.8809893
470.3053332
327.8555795
57.54494177
229.2040957
321.1873186
327.3277485
21.71484125
323.2372193
146.449029
36.0040199
313.8233531
100.5443393
376.6891569
174.771414
95.84537007
488.056246
10.10694229
469.9053661
235.4781296
406.2377748
1.46836748
286.1193664
231.929716
92.29589095
35.94129928
495.157458
332.0846801
104.9278504
