355.7663042
263.8927271
122.6519587
373.5242421
97.3965936
405.7897284
139.5952824
248.2462549
418.7316101
23.02954749
387.8878658
6.902133332
147.8194597
425.9758477
338.2666335
451.1377647
16.80730702
448.4425887
499.9005445
455.3835117
405.5910102
127.6532476
378.5969869
446.2671909
427.6306048
99.0546885
128.1978669
202.2057793
170.9178257
239.2523554
499.0250422
247.6566657
339.8682818
271.9242654
183.4735363
29.71463492
282.6339591
113.3499546
71.234927
98.0895194
322.4432493
353.3132274
317.401406
402.1441852
280.275706
256.1568348
359.2400087
230.8504731
31.43497196
484.9101461
