1 -0.151
2 -0.000999988
3 -0.000999981
4 -0.151
5 -0.000999968
6 -0.000999961
7 -0.151
8 -0.000999948
9 -0.000999941
10 -0.151
11 -0.000999928
12 -0.000999921
13 -0.151
14 -0.000999908
15 -0.000999901
16 -0.151
17 -0.000999888
18 -0.000999881
19 -0.151
20 -0.000999868
21 -0.000999861
22 -0.151
23 -0.000999848
24 -0.000999841
25 -0.151
26 -0.000999828
27 -0.000999821
28 -0.151
29 -0.000999808
30 -0.000999801
31 -0.151
32 -0.000999788
33 -0.000999781
34 -0.151
35 -0.000999768
36 -0.000999761
37 -0.151
38 -0.000999748
39 -0.000999741
40 -0.151
41 -0.000999728
42 -0.000999721
43 -0.151
44 -0.000999708
45 -0.000999701
46 -0.151
47 -0.000999688
48 -0.000999681
49 -0.151
