1 -0.131
2 0.067
3 0.016
4 -0.134
5 0.066
6 0.016
7 -0.134
8 0.0660001
9 0.0160001
10 -0.134
11 0.0660001
12 0.0160001
13 -0.134
14 0.0660001
15 0.0160001
16 -0.134
17 0.0660001
18 0.0160001
19 -0.134
20 0.0660001
21 0.0160001
22 -0.134
23 0.0660002
24 0.0160002
25 -0.134
26 0.0660002
27 0.0160002
28 -0.134
29 0.0660002
30 0.0160002
31 -0.134
32 0.0660002
33 0.0160002
34 -0.134
35 0.0660002
36 0.0160002
37 -0.134
38 0.0660003
39 0.0160003
40 -0.134
41 0.0660003
42 0.0160003
43 -0.134
44 0.0660003
45 0.0160003
46 -0.134
47 0.0660003
48 0.0160003
49 -0.134
50 0.0660003
51 0.0160003
52 -0.134
53 0.0660004
54 0.0160004
55 -0.134
56 0.0660004
57 0.0160004
58 -0.134
59 0.0660004
60 0.0160004
61 -0.134
62 0.0660004
63 0.0160004
64 -0.134
65 0.0660004
66 0.0160004
67 -0.134
68 0.0660005
69 0.0160005
70 -0.134
71 0.0660005
72 0.0160005
73 -0.134
74 0.0660005
75 0.0160005
76 -0.133999
77 0.0660005
78 0.0160005
79 -0.133999
80 0.0660005
81 0.0160005
82 -0.133999
83 0.0660006
84 0.0160006
85 -0.133999
86 0.0660006
87 0.0160006
88 -0.133999
89 0.0660006
90 0.0160006
91 -0.133999
92 0.0660006
93 0.0160006
94 -0.133999
95 0.0660006
96 0.0160006
97 -0.133999
98 0.0660007
99 0.0160007
