1 0.104
2 0.046
3 0.047
4 0.073
5 0.06
6 0.135
7 0.048
8 0.0190001
9 0.0999999
10 0.131
11 0.0879999
12 0.103
13 0.0929999
14 0.0440001
15 0.0490001
16 0.136
17 0.0570001
18 0.132
19 0.0529999
20 0.0890001
21 0.108
22 0.131
23 0.0900002
24 0.119
25 0.0419998
26 0.0180002
27 0.0699998
28 0.0849998
29 0.0470002
30 0.0989998
31 0.109
32 0.0390002
33 0.0430002
34 0.0869998
35 0.0580002
36 0.136
37 0.0489998
38 0.0670003
39 0.0569997
40 0.0809997
41 0.0660003
42 0.121
43 0.111
44 0.0380003
45 0.0569997
46 0.0849997
47 0.0850003
48 0.122
49 0.0479997
50 0.0700003
51 0.108
52 0.131
53 0.0819996
54 0.0959996
55 0.0759996
56 0.0410004
57 0.0669996
58 0.0899996
59 0.0580004
60 0.0340004
61 0.0699996
62 0.0720004
63 0.107
64 0.131
65 0.0990004
66 0.116
67 0.108
68 0.0430005
69 0.0480005
70 0.136
71 0.0910005
72 0.119
73 0.0449995
74 0.0150005
75 0.0699995
76 0.104999
77 0.0540005
78 0.134999
79 0.0489995
80 0.0710005
81 0.105999
82 0.129999
83 0.0430006
84 0.0969994
85 0.0429994
86 0.0200006
87 0.0599994
88 0.0839994
89 0.0530006
90 0.0270006
91 0.0699994
92 0.0700006
93 0.104999
94 0.132999
95 0.0880006
96 0.116999
97 0.106999
98 0.0440007
99 0.0639993
