1 0.031
2 0.037
3 0.025
4 0.111
5 0.039
6 0.037
7 0.113
8 0.0360001
9 0.0400001
10 0.104
11 0.0249999
12 0.0390001
13 0.0239999
14 0.0409999
15 0.0439999
16 0.0449999
17 0.0259999
18 0.0399999
19 0.0239999
20 0.0329999
21 0.0309999
22 0.0199999
23 0.0259998
24 0.0399998
25 0.0379998
26 0.0259998
27 0.0410002
28 0.111
29 0.0390002
30 0.0380002
31 0.112
32 0.0380002
33 0.0370002
34 0.114
35 0.0419998
36 0.0249998
37 0.0369998
38 0.0319997
39 0.0489997
40 0.0339997
41 0.0219997
42 0.0189997
43 0.0419997
44 0.0110003
45 0.0499997
46 0.0379997
47 0.0470003
48 0.0350003
49 0.115
50 0.0350003
51 0.109
52 0.113
53 0.0400004
54 0.0390004
55 0.111
56 0.111
57 0.0399996
58 0.0269996
59 0.00499961
60 0.0219996
61 0.112
62 0.0360004
63 0.0360004
64 0.0239996
65 0.0339996
66 0.0229996
67 0.0279996
68 0.0379995
69 0.0279995
70 0.109
71 0.0390005
72 0.0500005
73 0.115
74 0.0360005
75 0.0390005
76 0.109999
77 0.0400005
78 0.0380005
79 0.111999
80 0.0380005
81 0.0370005
82 0.113999
83 0.0269994
84 0.0249994
85 0.0249994
86 0.0269994
87 0.0219994
88 0.0289994
89 0.0419994
90 0.0379994
91 0.0379994
92 0.0219994
93 0.0389994
94 0.0289994
95 0.0339994
96 0.0409994
97 0.0389994
98 0.0389993
99 0.0469993
