1 0.09
2 0.03
3 0.042
4 0.097
5 0.014
6 0.027
7 0.115
8 0.0400001
9 0.0969999
10 0.0889999
11 0.0330001
12 0.0460001
13 0.0959999
14 0.0190001
15 0.0280001
16 0.112
17 0.0450001
18 0.0949999
19 0.132
20 0.0290001
21 0.0370001
22 0.106
23 0.0540002
24 0.0220002
25 0.114
26 0.0520002
27 0.0949998
28 0.125
29 0.0360002
30 0.0969998
31 0.0919998
32 0.0310002
33 0.0410002
34 0.0959998
35 0.0150002
36 0.0360002
37 0.106
38 0.0550003
39 0.0220003
40 0.113
41 0.0510003
42 0.0879997
43 0.125
44 0.0390003
45 0.0969997
46 0.0919997
47 0.0310003
48 0.0410003
49 0.0949997
50 0.0150003
51 0.0360003
52 0.106
53 0.0560004
54 0.0220004
55 0.114
56 0.0510004
57 0.0939996
58 0.125
59 0.0370004
60 0.0969996
61 0.0919996
62 0.0310004
63 0.0410004
64 0.0949996
65 0.0150004
66 0.0360004
67 0.106
68 0.0560005
69 0.0220005
70 0.114
71 0.0510005
72 0.0919995
73 0.125
74 0.0360005
75 0.0969995
76 0.0909995
77 0.0310005
78 0.0410005
79 0.0929995
80 0.0150005
81 0.0380005
82 0.105999
83 0.0580006
84 0.0220006
85 0.111999
86 0.0510006
87 0.0919994
88 0.124999
89 0.0380006
90 0.0969994
91 0.0909994
92 0.0310006
93 0.0410006
94 0.0929994
95 0.0150006
96 0.0360006
97 0.105999
98 0.0590007
99 0.0220007
