50 0.0559147
51 0.0550238
52 0.055718
53 0.0548969
54 0.0547956
55 0.0544428
56 0.0539069
57 0.0537114
58 0.0538052
59 0.0541878
60 0.0540525
61 0.0537079
62 0.0540307
63 0.0540515
64 0.0537096
65 0.0538633
66 0.0538608
67 0.0537415
68 0.0538806
69 0.0538902
70 0.0537016
71 0.0538628
72 0.0536248
73 0.0537172
74 0.0536361
75 0.0537335
76 0.053776
77 0.0537294
78 0.0537652
79 0.0536664
80 0.0536711
81 0.0536802
82 0.0536911
83 0.0536106
84 0.0536819
85 0.0536841
86 0.0536079
87 0.053637
88 0.0536857
89 0.0536013
90 0.0536925
91 0.0536714
92 0.0536656
93 0.0536705
94 0.0535804
95 0.0536603
96 0.0535064
97 0.0536451
98 0.0535689
99 0.0535689
