50 0.056551
51 0.0565773
52 0.0551787
53 0.054608
54 0.0547025
55 0.0543637
56 0.054119
57 0.0542433
58 0.0539337
59 0.0541573
60 0.0540218
61 0.0541666
62 0.0537923
63 0.0540487
64 0.0539336
65 0.053788
66 0.0539754
67 0.0537387
68 0.0537102
69 0.0537045
70 0.0538546
71 0.0538329
72 0.0537501
73 0.0536857
74 0.0537985
75 0.0537971
76 0.0537858
77 0.053623
78 0.0537223
79 0.053659
80 0.0536425
81 0.0536602
82 0.0537004
83 0.0537312
84 0.0536682
85 0.053604
86 0.0536936
87 0.0537051
88 0.0535722
89 0.0535877
90 0.0536897
91 0.0535731
92 0.0535985
93 0.0535489
94 0.053641
95 0.0536701
96 0.0536254
97 0.0536083
98 0.0535732
99 0.0535732
