50 0.056551
51 0.0565773
52 0.0551787
53 0.054608
54 0.0547025
55 0.0543637
56 0.054119
57 0.0542433
58 0.0539337
59 0.0541573
60 0.0540218
61 0.0541666
62 0.0537923
63 0.0540487
64 0.0539336
65 0.053788
66 0.0539754
67 0.0537387
68 0.0537041
69 0.0536991
70 0.0538439
71 0.0537013
72 0.0537981
73 0.0535973
74 0.0537984
75 0.0537195
76 0.0536825
77 0.0536483
78 0.0535553
79 0.0537121
80 0.05363
81 0.0537387
82 0.0536969
83 0.0536497
84 0.0535757
85 0.0537064
86 0.0536566
87 0.0536749
88 0.0535879
89 0.0535876
90 0.0536674
91 0.053656
92 0.0536148
93 0.0535656
94 0.0535709
95 0.053658
96 0.0535633
97 0.0536249
98 0.0535708
99 0.0535708
