50 -0.18486
51 -0.199851
52 -0.265132
53 -0.244821
54 -0.262477
55 -0.249187
56 -0.0483429
57 -0.176292
58 -0.195908
59 -0.122286
60 -0.10804
61 -0.190894
62 -0.122477
63 -0.286504
64 -0.202566
65 -0.102135
66 -0.10828
67 -0.22449
68 -0.12803
69 -0.138871
70 -0.222037
71 -0.141583
72 -0.196326
73 -0.239806
74 -0.0561947
75 -0.25524
76 -0.28095
77 -0.111975
78 -0.135613
79 -0.234951
80 -0.0907563
81 -0.0993639
82 -0.258937
83 -0.211326
84 -0.110182
85 -0.264535
86 -0.0655053
87 -0.237725
88 -0.275595
89 -0.0662052
90 -0.137757
91 -0.2744
92 -0.122931
93 -0.130066
94 -0.207386
95 -0.127275
96 -0.445183
97 -0.269203
98 -0.0521558
99 -0.0521558
