50 0.047932
51 -0.151363
52 -0.136421
53 0.0228252
54 -0.00697
55 -0.140062
56 0.0247766
57 -0.0054331
58 -0.116675
59 -0.0161414
60 -0.00124315
61 -0.191579
62 0.0353527
63 -0.185249
64 -0.164078
65 0.0207263
66 -0.0437838
67 -0.12302
68 0.0347102
69 -0.116751
70 -0.176777
71 0.0248611
72 -0.0203503
73 -0.0857874
74 -0.0310233
75 0.00142681
76 -0.13359
77 -0.118793
78 -0.0713942
79 -0.159851
80 0.0334819
81 -0.183046
82 -0.161974
83 0.0141625
84 -0.0900318
85 -0.17888
86 0.00150441
87 -0.163941
88 -0.104071
89 0.0446007
90 -0.167605
91 -0.161837
92 -0.131459
93 -0.093219
94 -0.0988133
95 -0.024692
96 -0.0944484
97 -0.150654
98 0.046622
99 0.046622
