50 0.047932
51 -0.151363
52 -0.136421
53 0.0228252
54 -0.00697
55 -0.140062
56 0.0247766
57 -0.0054331
58 -0.116675
59 -0.0161414
60 -0.00124315
61 -0.191579
62 0.0353527
63 -0.185249
64 -0.164078
65 0.0207263
66 -0.0437838
67 -0.12302
68 0.0325314
69 -0.118737
70 -0.180903
71 -0.0288398
72 -0.149155
73 -0.125218
74 -0.0310427
75 -0.185269
76 -0.185249
77 -0.105671
78 -0.0119135
79 -0.130244
80 0.026275
81 -0.136479
82 -0.164117
83 -0.0372964
84 -0.000675495
85 -0.110382
86 -0.0239542
87 -0.185189
88 -0.0926913
89 0.0444606
90 -0.184567
91 -0.0970259
92 0.0313161
93 -0.0795694
94 -0.157527
95 -0.0351089
96 0.000867123
97 -0.135851
98 0.044426
99 0.044426
