50 0.0387462
51 0.0537378
52 0.119018
53 0.0987071
54 0.116363
55 0.103073
56 0.0977708
57 0.0301779
58 0.0497946
59 0.0238276
60 0.0380733
61 0.0447807
62 0.0236368
63 0.14039
64 0.0564526
65 0.0439786
66 0.0378334
67 0.0783764
68 0.0180841
69 0.00724222
70 0.0759235
71 0.00453069
72 0.050212
73 0.0936919
74 0.0899189
75 0.109126
76 0.134836
77 0.0341386
78 0.0105011
79 0.0888378
80 0.0553573
81 0.0467497
82 0.112823
83 0.065212
84 0.0359321
85 0.118422
86 0.0806084
87 0.0916115
88 0.129482
89 0.0799084
90 0.0083571
91 0.128287
92 0.0231822
93 0.0160476
94 0.0612727
95 0.0188391
96 0.299069
97 0.12309
98 0.0939579
99 0.0939579
