1 0.104000 0.128070
2 0.046000 0.021930
3 0.047000 0.021930
4 0.073000 0.128070
5 0.060000 0.021930
6 0.135000 0.021930
7 0.048000 0.128070
8 0.019000 0.021930
9 0.100000 0.021930
10 0.131000 0.128070
11 0.088000 0.021930
12 0.103000 0.021930
13 0.093000 0.128070
14 0.044000 0.021930
15 0.049000 0.021930
16 0.136000 0.128070
17 0.057000 0.021930
18 0.132000 0.021930
19 0.053000 0.128070
20 0.089000 0.021930
21 0.108000 0.021930
22 0.131000 0.128070
23 0.090000 0.021930
24 0.119000 0.021930
25 0.042000 0.128070
26 0.018000 0.021930
27 0.070000 0.021930
28 0.085000 0.128070
29 0.047000 0.021930
30 0.099000 0.021930
31 0.109000 0.128070
32 0.039000 0.021930
33 0.043000 0.021930
34 0.087000 0.128070
35 0.058000 0.021930
36 0.136000 0.021930
37 0.049000 0.128070
38 0.067000 0.021930
39 0.057000 0.021930
40 0.081000 0.128070
41 0.066000 0.021930
42 0.121000 0.021930
43 0.111000 0.128070
44 0.038000 0.021930
45 0.057000 0.021930
46 0.085000 0.128070
47 0.085000 0.021930
48 0.122000 0.021930
49 0.048000 0.128070
50 0.070000 0.038746
51 0.108000 0.053738
52 0.131000 0.119018
53 0.082000 0.098707
54 0.096000 0.116363
55 0.076000 0.103073
56 0.041000 0.097771
57 0.067000 0.030178
58 0.090000 0.049795
59 0.058000 0.023828
60 0.034000 0.038073
61 0.070000 0.044781
62 0.072000 0.023637
63 0.107000 0.140390
64 0.131000 0.056453
65 0.099000 0.043979
66 0.116000 0.037833
67 0.108000 0.078376
68 0.043000 0.018084
69 0.048001 0.007242
70 0.136000 0.075924
71 0.091000 0.004531
72 0.119000 0.050212
73 0.044999 0.093692
74 0.015000 0.089919
75 0.070000 0.109126
76 0.104999 0.134836
77 0.054000 0.034139
78 0.134999 0.010501
79 0.049000 0.088838
80 0.071000 0.055357
81 0.105999 0.046750
82 0.129999 0.112823
83 0.043001 0.065212
84 0.096999 0.035932
85 0.042999 0.118422
86 0.020001 0.080608
87 0.059999 0.091611
88 0.083999 0.129482
89 0.053001 0.079908
90 0.027001 0.008357
91 0.069999 0.128287
92 0.070001 0.023182
93 0.104999 0.016048
94 0.132999 0.061273
95 0.088001 0.018839
96 0.116999 0.299069
97 0.106999 0.123090
98 0.044001 0.093958
99 0.063999 0.093958
