1 0.031000 0.128070
2 0.037000 0.021930
3 0.025000 0.021930
4 0.111000 0.128070
5 0.039000 0.021930
6 0.037000 0.021930
7 0.113000 0.128070
8 0.036000 0.021930
9 0.040000 0.021930
10 0.104000 0.128070
11 0.025000 0.021930
12 0.039000 0.021930
13 0.024000 0.128070
14 0.041000 0.021930
15 0.044000 0.021930
16 0.045000 0.128070
17 0.026000 0.021930
18 0.040000 0.021930
19 0.024000 0.128070
20 0.033000 0.021930
21 0.031000 0.021930
22 0.020000 0.128070
23 0.026000 0.021930
24 0.040000 0.021930
25 0.038000 0.128070
26 0.026000 0.021930
27 0.041000 0.021930
28 0.111000 0.128070
29 0.039000 0.021930
30 0.038000 0.021930
31 0.112000 0.128070
32 0.038000 0.021930
33 0.037000 0.021930
34 0.114000 0.128070
35 0.042000 0.021930
36 0.025000 0.021930
37 0.037000 0.128070
38 0.032000 0.021930
39 0.049000 0.021930
40 0.034000 0.128070
41 0.022000 0.021930
42 0.019000 0.021930
43 0.042000 0.128070
44 0.011000 0.021930
45 0.050000 0.021930
46 0.038000 0.128070
47 0.047000 0.021930
48 0.035000 0.021930
49 0.115000 0.128070
50 0.035000 0.093491
51 0.109000 0.105804
52 0.113000 0.090862
53 0.040000 0.068384
54 0.039000 0.038589
55 0.111000 0.094503
56 0.111000 0.070335
57 0.040000 0.040126
58 0.027000 0.071116
59 0.005000 0.029417
60 0.022000 0.044316
61 0.112000 0.146020
62 0.036000 0.080911
63 0.036000 0.139691
64 0.024000 0.118519
65 0.034000 0.066285
66 0.023000 0.001775
67 0.028000 0.077461
68 0.037999 0.080269
69 0.028000 0.071192
70 0.109000 0.131218
71 0.039001 0.070420
72 0.050001 0.025208
73 0.115000 0.040229
74 0.036000 0.014535
75 0.039001 0.046986
76 0.109999 0.088031
77 0.040001 0.073234
78 0.038000 0.025835
79 0.111999 0.114292
80 0.038000 0.079041
81 0.037000 0.137487
82 0.113999 0.116415
83 0.026999 0.059721
84 0.024999 0.044473
85 0.024999 0.133321
86 0.026999 0.047063
87 0.021999 0.118382
88 0.028999 0.058512
89 0.041999 0.090160
90 0.037999 0.122046
91 0.037999 0.116278
92 0.021999 0.085901
93 0.038999 0.047660
94 0.028999 0.053255
95 0.033999 0.020867
96 0.040999 0.048890
97 0.038999 0.105095
98 0.038999 0.092181
99 0.046999 0.092181
