1 0.090000 0.128070
2 0.030000 0.021930
3 0.042000 0.021930
4 0.097000 0.128070
5 0.014000 0.021930
6 0.027000 0.021930
7 0.115000 0.128070
8 0.040000 0.021930
9 0.097000 0.021930
10 0.089000 0.128070
11 0.033000 0.021930
12 0.046000 0.021930
13 0.096000 0.128070
14 0.019000 0.021930
15 0.028000 0.021930
16 0.112000 0.128070
17 0.045000 0.021930
18 0.095000 0.021930
19 0.132000 0.128070
20 0.029000 0.021930
21 0.037000 0.021930
22 0.106000 0.128070
23 0.054000 0.021930
24 0.022000 0.021930
25 0.114000 0.128070
26 0.052000 0.021930
27 0.095000 0.021930
28 0.125000 0.128070
29 0.036000 0.021930
30 0.097000 0.021930
31 0.092000 0.128070
32 0.031000 0.021930
33 0.041000 0.021930
34 0.096000 0.128070
35 0.015000 0.021930
36 0.036000 0.021930
37 0.106000 0.128070
38 0.055000 0.021930
39 0.022000 0.021930
40 0.113000 0.128070
41 0.051000 0.021930
42 0.088000 0.021930
43 0.125000 0.128070
44 0.039000 0.021930
45 0.097000 0.021930
46 0.092000 0.128070
47 0.031000 0.021930
48 0.041000 0.021930
49 0.095000 0.128070
50 0.015000 0.093491
51 0.036000 0.105804
52 0.106000 0.090862
53 0.056000 0.068384
54 0.022000 0.038589
55 0.114000 0.094503
56 0.051000 0.070335
57 0.094000 0.040126
58 0.125000 0.071116
59 0.037000 0.029417
60 0.097000 0.044316
61 0.092000 0.146020
62 0.031000 0.080911
63 0.041000 0.139691
64 0.095000 0.118519
65 0.015000 0.066285
66 0.036000 0.001775
67 0.106000 0.077461
68 0.056001 0.078090
69 0.022000 0.073178
70 0.114000 0.135344
71 0.051000 0.016719
72 0.091999 0.103596
73 0.125000 0.079659
74 0.036000 0.014516
75 0.097000 0.139710
76 0.090999 0.139690
77 0.031001 0.060113
78 0.041001 0.033645
79 0.092999 0.084685
80 0.015000 0.071834
81 0.038000 0.090920
82 0.105999 0.118558
83 0.058001 0.008262
84 0.022001 0.044883
85 0.111999 0.064823
86 0.051001 0.021605
87 0.091999 0.139630
88 0.124999 0.047133
89 0.038001 0.090019
90 0.096999 0.139009
91 0.090999 0.051467
92 0.031001 0.076875
93 0.041001 0.034011
94 0.092999 0.111968
95 0.015001 0.010450
96 0.036001 0.046426
97 0.105999 0.090292
98 0.059001 0.089985
99 0.022001 0.089985
