1 -0.107000 -0.151000
2 0.038000 -0.001000
3 -0.138000 -0.001000
4 -0.140000 -0.151000
5 0.004000 -0.001000
6 -0.002000 -0.001000
7 -0.129000 -0.151000
8 0.020000 -0.001000
9 0.013000 -0.001000
10 -0.112000 -0.151000
11 0.034000 -0.001000
12 0.030000 -0.001000
13 -0.144000 -0.151000
14 0.003000 -0.001000
15 -0.004000 -0.001000
16 -0.129000 -0.151000
17 0.019000 -0.001000
18 0.017000 -0.001000
19 -0.108000 -0.151000
20 0.037000 -0.001000
21 -0.139000 -0.001000
22 -0.141000 -0.151000
23 0.003000 -0.001000
24 -0.001000 -0.001000
25 -0.126000 -0.151000
26 0.020000 -0.001000
27 0.013000 -0.001000
28 -0.110000 -0.151000
29 0.034000 -0.001000
30 0.031000 -0.001000
31 -0.143000 -0.151000
32 -0.001000 -0.001000
33 -0.003000 -0.001000
34 -0.128000 -0.151000
35 0.018000 -0.001000
36 0.011000 -0.001000
37 -0.113000 -0.151000
38 0.033000 -0.001000
39 0.027000 -0.001000
40 -0.146000 -0.151000
41 -0.001000 -0.001000
42 -0.005000 -0.001000
43 -0.130000 -0.151000
44 0.014000 -0.001000
45 0.011000 -0.001000
46 -0.114000 -0.151000
47 0.031000 -0.001000
48 0.026000 -0.001000
49 -0.150000 -0.151000
50 -0.003000 0.047932
51 -0.129000 -0.151363
52 -0.132000 -0.136421
53 0.011000 0.022825
54 0.010000 -0.006970
55 -0.116000 -0.140062
56 0.028000 0.024777
57 0.026000 -0.005433
58 -0.151000 -0.116675
59 -0.005000 -0.016141
60 -0.129000 -0.001243
61 -0.136000 -0.191579
62 0.011000 0.035353
63 0.007000 -0.185249
64 -0.119000 -0.164078
65 0.026000 0.020726
66 0.021000 -0.043784
67 -0.152000 -0.123020
68 0.042001 0.034710
69 -0.132000 -0.116751
70 -0.139000 -0.176777
71 0.010001 0.024861
72 0.006000 -0.020350
73 -0.120000 -0.085787
74 0.026000 -0.031023
75 0.022000 0.001427
76 -0.154999 -0.133590
77 0.040001 -0.118793
78 -0.133999 -0.071394
79 -0.138999 -0.159851
80 0.008001 0.033482
81 0.002001 -0.183046
82 -0.123999 -0.161974
83 0.023001 0.014162
84 0.019001 -0.090032
85 -0.107999 -0.178880
86 0.039001 0.001504
87 -0.138999 -0.163941
88 -0.139999 -0.104071
89 0.007001 0.044601
90 -0.000999 -0.167605
91 -0.123999 -0.161837
92 0.022001 -0.131459
93 0.018001 -0.093219
94 -0.108999 -0.098813
95 0.037001 -0.024692
96 -0.138999 -0.094448
97 -0.140999 -0.150654
98 0.003001 0.046622
99 -0.000999 0.046622
