1 0.059453 0.062385
2 0.057016 0.057269
3 0.055506 0.055894
4 0.054872 0.055324
5 0.055019 0.054929
6 0.054627 0.054675
7 0.054414 0.054519
8 0.054258 0.054384
9 0.054101 0.054280
10 0.053993 0.054209
11 0.054085 0.054141
12 0.053975 0.054085
13 0.053909 0.054044
14 0.054015 0.054003
15 0.053946 0.053968
16 0.053887 0.053942
17 0.053841 0.053915
18 0.053794 0.053891
19 0.053884 0.053872
20 0.053834 0.053853
21 0.053797 0.053836
22 0.053768 0.053822
23 0.053732 0.053808
24 0.053794 0.053795
25 0.053754 0.053784
26 0.053710 0.053773
27 0.053698 0.053762
28 0.053748 0.053754
29 0.053719 0.053745
30 0.053682 0.053737
31 0.053667 0.053730
32 0.053707 0.053723
33 0.053685 0.053716
34 0.053659 0.053710
35 0.053715 0.053704
36 0.053678 0.053699
37 0.053662 0.053694
38 0.053642 0.053689
39 0.053684 0.053684
40 0.053659 0.053680
41 0.053637 0.053675
42 0.053620 0.053671
43 0.053664 0.053668
44 0.053643 0.053664
45 0.053623 0.053660
46 0.053615 0.053657
47 0.053643 0.053654
48 0.053629 0.053651
49 0.053612 0.053648
50 0.053652 0.056551
51 0.053627 0.056577
52 0.053617 0.055179
53 0.053603 0.054608
54 0.053635 0.054703
55 0.053619 0.054364
56 0.053602 0.054119
57 0.053596 0.054243
58 0.053623 0.053934
59 0.053610 0.054157
60 0.053594 0.054022
61 0.053588 0.054167
62 0.053610 0.053792
63 0.053600 0.054049
64 0.053587 0.053934
65 0.053619 0.053788
66 0.053600 0.053975
67 0.053592 0.053739
68 0.053582 0.053710
69 0.053607 0.053705
70 0.053595 0.053855
71 0.053582 0.053833
72 0.053576 0.053750
73 0.053599 0.053686
74 0.053590 0.053798
75 0.053577 0.053797
76 0.053572 0.053786
77 0.053590 0.053623
78 0.053582 0.053722
79 0.053571 0.053659
80 0.053598 0.053643
81 0.053582 0.053660
82 0.053577 0.053700
83 0.053567 0.053731
84 0.053589 0.053668
85 0.053578 0.053604
86 0.053569 0.053694
87 0.053564 0.053705
88 0.053584 0.053572
89 0.053575 0.053588
90 0.053565 0.053690
91 0.053561 0.053573
92 0.053577 0.053599
93 0.053570 0.053549
94 0.053560 0.053641
95 0.053584 0.053670
96 0.053571 0.053625
97 0.053566 0.053608
98 0.053557 0.053573
99 0.053577 0.053573
