1 0.0623849
2 0.0572687
3 0.0558936
4 0.0553243
5 0.0549286
6 0.0546745
7 0.0545194
8 0.0543836
9 0.0542799
10 0.0542088
11 0.0541407
12 0.0540847
13 0.054044
14 0.0540033
15 0.0539683
16 0.053942
17 0.0539149
18 0.0538909
19 0.0538725
20 0.0538532
21 0.0538358
22 0.0538222
23 0.0538078
24 0.0537945
25 0.0537841
26 0.0537729
27 0.0537625
28 0.0537542
29 0.0537452
30 0.0537369
31 0.0537302
32 0.0537228
33 0.053716
34 0.0537104
35 0.0537043
36 0.0536985
37 0.0536938
38 0.0536887
39 0.0536838
40 0.0536798
41 0.0536754
42 0.0536711
43 0.0536677
44 0.0536639
45 0.0536602
46 0.0536572
47 0.0536538
48 0.0536506
49 0.053648
