1 0.0623849
2 0.0572687
3 0.0558936
4 0.0553243
5 0.0549286
6 0.0546745
7 0.0545194
8 0.0543836
9 0.0542799
10 0.0542088
11 0.0541407
12 0.0540847
13 0.054044
14 0.0540033
15 0.0539683
16 0.053942
17 0.0539149
18 0.0538909
19 0.0538725
20 0.0538532
21 0.0538358
22 0.0538222
23 0.0538078
24 0.0537945
25 0.0537841
26 0.0537729
27 0.0537625
28 0.0537542
29 0.0537452
30 0.0537369
31 0.0537302
32 0.0537228
33 0.053716
34 0.0537104
35 0.0537043
36 0.0536985
37 0.0536938
38 0.0536887
39 0.0536838
40 0.0536798
41 0.0536754
42 0.0536711
43 0.0536677
44 0.0536639
45 0.0536602
46 0.0536572
47 0.0536538
48 0.0536506
49 0.053648
50 0.0559147
51 0.0550238
52 0.055718
53 0.0548969
54 0.0547956
55 0.0544428
56 0.0539069
57 0.0537114
58 0.0538052
59 0.0541878
60 0.0540525
61 0.0537079
62 0.0540307
63 0.0540515
64 0.0537096
65 0.0538633
66 0.0538608
67 0.0537415
68 0.0538806
69 0.0538902
70 0.0537016
71 0.0538628
72 0.0536248
73 0.0537172
74 0.0536361
75 0.0537335
76 0.053776
77 0.0537294
78 0.0537652
79 0.0536664
80 0.0536711
81 0.0536802
82 0.0536911
83 0.0536106
84 0.0536819
85 0.0536841
86 0.0536079
87 0.053637
88 0.0536857
89 0.0536013
90 0.0536925
91 0.0536714
92 0.0536656
93 0.0536705
94 0.0535804
95 0.0536603
96 0.0535064
97 0.0536451
98 0.0535689
99 0.0535689
