1 0.0623849
2 0.0572687
3 0.0558936
4 0.0553243
5 0.0549286
6 0.0546745
7 0.0545194
8 0.0543836
9 0.0542799
10 0.0542088
11 0.0541407
12 0.0540847
13 0.054044
14 0.0540033
15 0.0539683
16 0.053942
17 0.0539149
18 0.0538909
19 0.0538725
20 0.0538532
21 0.0538358
22 0.0538222
23 0.0538078
24 0.0537945
25 0.0537841
26 0.0537729
27 0.0537625
28 0.0537542
29 0.0537452
30 0.0537369
31 0.0537302
32 0.0537228
33 0.053716
34 0.0537104
35 0.0537043
36 0.0536985
37 0.0536938
38 0.0536887
39 0.0536838
40 0.0536798
41 0.0536754
42 0.0536711
43 0.0536677
44 0.0536639
45 0.0536602
46 0.0536572
47 0.0536538
48 0.0536506
49 0.053648
50 0.056551
51 0.0565773
52 0.0551787
53 0.054608
54 0.0547025
55 0.0543637
56 0.054119
57 0.0542433
58 0.0539337
59 0.0541573
60 0.0540218
61 0.0541666
62 0.0537923
63 0.0540487
64 0.0539336
65 0.053788
66 0.0539754
67 0.0537387
68 0.0537041
69 0.0536991
70 0.0538439
71 0.0537013
72 0.0537981
73 0.0535973
74 0.0537984
75 0.0537195
76 0.0536825
77 0.0536483
78 0.0535553
79 0.0537121
80 0.05363
81 0.0537387
82 0.0536969
83 0.0536497
84 0.0535757
85 0.0537064
86 0.0536566
87 0.0536749
88 0.0535879
89 0.0535876
90 0.0536674
91 0.053656
92 0.0536148
93 0.0535656
94 0.0535709
95 0.053658
96 0.0535633
97 0.0536249
98 0.0535708
99 0.0535708
