383.6763802
436.9475083
240.7337638
403.3114899
471.3604909
477.9610326
342.1936755
226.1603263
323.0153191
309.3814238
325.3892087
314.774412
403.572516
432.6808284
425.8530657
480.0103935
375.2458003
352.2954225
361.0572687
215.8394817
366.5356561
434.8496308
294.7929037
230.5371835
442.5366512
351.6216002
357.0369239
413.8299873
330.0774971
237.7858424
296.6852505
470.7942861
437.7727844
455.4032267
497.4460162
482.8587393
447.481734
219.7526751
404.1722865
246.6563771
269.3781519
409.2223778
465.1886137
