139.5952824
248.2462549
418.7316101
387.8878658
451.1377647
448.4425887
499.9005445
405.5910102
127.6532476
427.6306048
99.0546885
128.1978669
499.0250422
247.6566657
339.8682818
183.4735363
29.71463492
282.6339591
256.1568348
484.9101461
481.9600772
285.9875987
404.8652219
484.7056825
347.8951346
424.3726747
401.9856834
342.2195871
470.3053332
327.8555795
229.2040957
327.3277485
21.71484125
146.449029
313.8233531
100.5443393
95.84537007
488.056246
469.9053661
406.2377748
286.1193664
495.157458
332.0846801
