1 -0.107
2 0.038
3 -0.138
4 -0.14
5 0.00400003
6 -0.00199996
7 -0.129
8 0.0200001
9 0.0130001
10 -0.112
11 0.0340001
12 0.0300001
13 -0.144
14 0.00300009
15 -0.0039999
16 -0.129
17 0.0190001
18 0.0170001
19 -0.108
20 0.0370001
21 -0.139
22 -0.141
23 0.00300015
24 -0.000999841
25 -0.126
26 0.0200002
27 0.0130002
28 -0.11
29 0.0340002
30 0.0310002
31 -0.143
32 -0.000999788
33 -0.00299978
34 -0.128
35 0.0180002
36 0.0110002
37 -0.113
38 0.0330003
39 0.0270003
40 -0.146
41 -0.000999728
42 -0.00499972
43 -0.13
44 0.0140003
45 0.0110003
46 -0.114
47 0.0310003
48 0.0260003
49 -0.15
50 -0.00299967
51 -0.129
52 -0.132
53 0.0110004
54 0.0100004
55 -0.116
56 0.0280004
57 0.0260004
58 -0.151
59 -0.00499961
60 -0.129
61 -0.136
62 0.0110004
63 0.00700042
64 -0.119
65 0.0260004
66 0.0210004
67 -0.152
68 0.0420005
69 -0.132
70 -0.139
71 0.0100005
72 0.00600048
73 -0.12
74 0.0260005
75 0.0220005
76 -0.154999
77 0.0400005
78 -0.133999
79 -0.138999
80 0.00800053
81 0.00200054
82 -0.123999
83 0.0230006
84 0.0190006
85 -0.107999
86 0.0390006
87 -0.138999
88 -0.139999
89 0.00700059
90 -0.000999401
91 -0.123999
92 0.0220006
93 0.0180006
94 -0.108999
95 0.0370006
96 -0.138999
97 -0.140999
98 0.00300065
99 -0.000999341
