1 -0.293
2 -0.143
3 -0.236
4 -0.262
5 -0.129
6 -0.324
7 -0.237
8 -0.17
9 -0.289
10 -0.32
11 -0.277
12 -0.292
13 -0.282
14 -0.145
15 -0.14
16 -0.325
17 -0.132
18 -0.321
19 -0.242
20 -0.0999999
21 -0.297
22 -0.32
23 -0.0989998
24 -0.308
25 -0.231
26 -0.171
27 -0.259
28 -0.274
29 -0.142
30 -0.288
31 -0.298
32 -0.15
33 -0.146
34 -0.276
35 -0.131
36 -0.325
37 -0.238
38 -0.122
39 -0.246
40 -0.27
41 -0.123
42 -0.31
43 -0.3
44 -0.151
45 -0.246
46 -0.274
47 -0.104
48 -0.311
49 -0.237
50 -0.119
51 -0.297
52 -0.32
53 -0.271
54 -0.285
55 -0.265
56 -0.148
57 -0.256
58 -0.279
59 -0.131
60 -0.155
61 -0.259
62 -0.117
63 -0.296
64 -0.32
65 -0.0899996
66 -0.305
67 -0.297
68 -0.146
69 -0.141
70 -0.325
71 -0.0979995
72 -0.308
73 -0.234
74 -0.174
75 -0.259
76 -0.293999
77 -0.134999
78 -0.323999
79 -0.237999
80 -0.117999
81 -0.294999
82 -0.318999
83 -0.145999
84 -0.285999
85 -0.231999
86 -0.168999
87 -0.248999
88 -0.272999
89 -0.135999
90 -0.161999
91 -0.258999
92 -0.118999
93 -0.293999
94 -0.321999
95 -0.100999
96 -0.305999
97 -0.295999
98 -0.144999
99 -0.252999
