1 -0.317
2 -0.119
3 -0.17
4 -0.32
5 -0.12
6 -0.17
7 -0.32
8 -0.12
9 -0.17
10 -0.32
11 -0.12
12 -0.17
13 -0.32
14 -0.12
15 -0.17
16 -0.32
17 -0.12
18 -0.17
19 -0.32
20 -0.12
21 -0.17
22 -0.32
23 -0.12
24 -0.17
25 -0.32
26 -0.12
27 -0.17
28 -0.32
29 -0.12
30 -0.17
31 -0.32
32 -0.12
33 -0.17
34 -0.32
35 -0.12
36 -0.17
37 -0.32
38 -0.12
39 -0.17
40 -0.32
41 -0.12
42 -0.17
43 -0.32
44 -0.12
45 -0.17
46 -0.32
47 -0.12
48 -0.17
49 -0.32
50 -0.12
51 -0.17
52 -0.32
53 -0.12
54 -0.17
55 -0.32
56 -0.12
57 -0.17
58 -0.32
59 -0.12
60 -0.17
61 -0.32
62 -0.12
63 -0.17
64 -0.32
65 -0.12
66 -0.17
67 -0.32
68 -0.12
69 -0.17
70 -0.32
71 -0.12
72 -0.17
73 -0.32
74 -0.12
75 -0.17
76 -0.319999
77 -0.119999
78 -0.169999
79 -0.319999
80 -0.119999
81 -0.169999
82 -0.319999
83 -0.119999
84 -0.169999
85 -0.319999
86 -0.119999
87 -0.169999
88 -0.319999
89 -0.119999
90 -0.169999
91 -0.319999
92 -0.119999
93 -0.169999
94 -0.319999
95 -0.119999
96 -0.169999
97 -0.319999
98 -0.119999
99 -0.169999
