1 -0.109
2 0.011
3 0.023
4 -0.116
5 -0.00499997
6 0.00800004
7 -0.134
8 0.0210001
9 -0.116
10 -0.108
11 0.0140001
12 0.0270001
13 -0.115
14 9.2e-08
15 0.0090001
16 -0.131
17 0.0260001
18 -0.114
19 -0.151
20 0.0100001
21 0.0180001
22 -0.125
23 0.0350002
24 0.00300016
25 -0.133
26 0.0330002
27 -0.114
28 -0.144
29 0.0170002
30 -0.116
31 -0.111
32 0.0120002
33 0.0220002
34 -0.115
35 -0.00399977
36 0.0170002
37 -0.125
38 0.0360003
39 0.00300026
40 -0.132
41 0.0320003
42 -0.107
43 -0.144
44 0.0200003
45 -0.116
46 -0.111
47 0.0120003
48 0.0220003
49 -0.114
50 -0.00399967
51 0.0170003
52 -0.125
53 0.0370004
54 0.00300036
55 -0.133
56 0.0320004
57 -0.113
58 -0.144
59 0.0180004
60 -0.116
61 -0.111
62 0.0120004
63 0.0220004
64 -0.114
65 -0.00399957
66 0.0170004
67 -0.125
68 0.0370005
69 0.00300046
70 -0.133
71 0.0320005
72 -0.111
73 -0.144
74 0.0170005
75 -0.116
76 -0.109999
77 0.0120005
78 0.0220005
79 -0.111999
80 -0.00399947
81 0.0190005
82 -0.124999
83 0.0390006
84 0.00300056
85 -0.130999
86 0.0320006
87 -0.110999
88 -0.143999
89 0.0190006
90 -0.115999
91 -0.109999
92 0.0120006
93 0.0220006
94 -0.111999
95 -0.00399937
96 0.0170006
97 -0.124999
98 0.0400007
99 0.00300066

