28.49273754
132.271456
52.51432884
125.9309177
26.34879271
158.0516168
383.6763802
436.9475083
240.7337638
294.7710342
403.3114899
120.6110744
87.54242414
36.46756885
109.8629832
471.3604909
26.66456882
477.9610326
342.1936755
60.54119011
226.1603263
323.0153191
72.31043594
83.18854643
309.3814238
325.3892087
314.774412
114.8367421
9.801200018
93.73649047
403.572516
432.6808284
425.8530657
73.6514695
480.0103935
375.2458003
352.2954225
295.8195085
87.50073488
254.9744219
220.5329496
114.7490985
26.56879684
68.6665547
175.9259528
361.0572687
135.3556321
116.626251
117.3511144
215.8394817
284.2678553
366.5356561
177.4482777
434.8496308
143.0803722
294.7929037
49.72203841
123.4359792
230.5371835
442.5366512
25.88924612
196.7998757
351.6216002
255.043588
46.91980238
357.0369239
168.789242
246.3155183
79.25902959
95.1323702
413.8299873
96.33590526
330.0774971
237.7858424
45.30273865
296.6852505
65.32520186
470.7942861
437.7727844
43.76891665
455.4032267
320.5194913
497.4460162
482.8587393
142.0816918
41.24220439
447.481734
219.7526751
22.6201284
404.1722865
227.6502745
246.6563771
76.70648395
269.3781519
204.5427217
216.2191793
126.4063235
409.2223778
465.1886137
219.2112846
