1 -0.151
2 -0.000999988
3 -0.000999981
4 -0.151
5 -0.000999968
6 -0.000999961
7 -0.151
8 -0.000999948
9 -0.000999941
10 -0.151
11 -0.000999928
12 -0.000999921
13 -0.151
14 -0.000999908
15 -0.000999901
16 -0.151
17 -0.000999888
18 -0.000999881
19 -0.151
20 -0.000999868
21 -0.000999861
22 -0.151
23 -0.000999848
24 -0.000999841
25 -0.151
26 -0.000999828
27 -0.000999821
28 -0.151
29 -0.000999808
30 -0.000999801
31 -0.151
32 -0.000999788
33 -0.000999781
34 -0.151
35 -0.000999768
36 -0.000999761
37 -0.151
38 -0.000999748
39 -0.000999741
40 -0.151
41 -0.000999728
42 -0.000999721
43 -0.151
44 -0.000999708
45 -0.000999701
46 -0.151
47 -0.000999688
48 -0.000999681
49 -0.151
50 0.047932
51 -0.151363
52 -0.136421
53 0.0228252
54 -0.00697
55 -0.140062
56 0.0247766
57 -0.0054331
58 -0.116675
59 -0.0161414
60 -0.00124315
61 -0.191579
62 0.0353527
63 -0.185249
64 -0.164078
65 0.0207263
66 -0.0437838
67 -0.12302
68 0.0325314
69 -0.118737
70 -0.180903
71 -0.0288398
72 -0.149155
73 -0.125218
74 -0.0310427
75 -0.185269
76 -0.185249
77 -0.105671
78 -0.0119135
79 -0.130244
80 0.026275
81 -0.136479
82 -0.164117
83 -0.0372964
84 -0.000675495
85 -0.110382
86 -0.0239542
87 -0.185189
88 -0.0926913
89 0.0444606
90 -0.184567
91 -0.0970259
92 0.0313161
93 -0.0795694
94 -0.157527
95 -0.0351089
96 0.000867123
97 -0.135851
98 0.044426
99 0.044426
