1 -0.151
2 -0.000999988
3 -0.000999981
4 -0.151
5 -0.000999968
6 -0.000999961
7 -0.151
8 -0.000999948
9 -0.000999941
10 -0.151
11 -0.000999928
12 -0.000999921
13 -0.151
14 -0.000999908
15 -0.000999901
16 -0.151
17 -0.000999888
18 -0.000999881
19 -0.151
20 -0.000999868
21 -0.000999861
22 -0.151
23 -0.000999848
24 -0.000999841
25 -0.151
26 -0.000999828
27 -0.000999821
28 -0.151
29 -0.000999808
30 -0.000999801
31 -0.151
32 -0.000999788
33 -0.000999781
34 -0.151
35 -0.000999768
36 -0.000999761
37 -0.151
38 -0.000999748
39 -0.000999741
40 -0.151
41 -0.000999728
42 -0.000999721
43 -0.151
44 -0.000999708
45 -0.000999701
46 -0.151
47 -0.000999688
48 -0.000999681
49 -0.151
50 -0.18486
51 -0.199851
52 -0.265132
53 -0.244821
54 -0.262477
55 -0.249187
56 -0.0483429
57 -0.176292
58 -0.195908
59 -0.122286
60 -0.10804
61 -0.190894
62 -0.122477
63 -0.286504
64 -0.202566
65 -0.102135
66 -0.10828
67 -0.22449
68 -0.12803
69 -0.138871
70 -0.222037
71 -0.141583
72 -0.196326
73 -0.239806
74 -0.0561947
75 -0.25524
76 -0.28095
77 -0.111975
78 -0.135613
79 -0.234951
80 -0.0907563
81 -0.0993639
82 -0.258937
83 -0.211326
84 -0.110182
85 -0.264535
86 -0.0655053
87 -0.237725
88 -0.275595
89 -0.0662052
90 -0.137757
91 -0.2744
92 -0.122931
93 -0.130066
94 -0.207386
95 -0.127275
96 -0.445183
97 -0.269203
98 -0.0521558
99 -0.0521558
