1 0.12807
2 0.0219295
3 0.0219295
4 0.12807
5 0.0219296
6 0.0219296
7 0.12807
8 0.0219296
9 0.0219296
10 0.12807
11 0.0219296
12 0.0219296
13 0.12807
14 0.0219296
15 0.0219296
16 0.12807
17 0.0219296
18 0.0219296
19 0.12807
20 0.0219297
21 0.0219297
22 0.12807
23 0.0219297
24 0.0219297
25 0.12807
26 0.0219297
27 0.0219297
28 0.12807
29 0.0219297
30 0.0219297
31 0.12807
32 0.0219297
33 0.0219297
34 0.12807
35 0.0219298
36 0.0219298
37 0.12807
38 0.0219298
39 0.0219298
40 0.12807
41 0.0219298
42 0.0219298
43 0.12807
44 0.0219298
45 0.0219298
46 0.12807
47 0.0219298
48 0.0219298
49 0.12807
50 0.0934908
51 0.105804
52 0.0908624
53 0.068384
54 0.0385888
55 0.0945032
56 0.0703354
57 0.0401257
58 0.0711158
59 0.0294174
60 0.0443156
61 0.14602
62 0.0809115
63 0.139691
64 0.118519
65 0.0662851
66 0.001775
67 0.0774609
68 0.080269
69 0.0711922
70 0.131218
71 0.0704198
72 0.0252085
73 0.0402287
74 0.0145355
75 0.0469856
76 0.0880308
77 0.0732339
78 0.0258354
79 0.114292
80 0.0790406
81 0.137487
82 0.116415
83 0.0597213
84 0.044473
85 0.133321
86 0.0470632
87 0.118382
88 0.0585124
89 0.0901595
90 0.122046
91 0.116278
92 0.0859007
93 0.0476602
94 0.0532545
95 0.0208668
96 0.0488896
97 0.105095
98 0.0921807
99 0.0921807
