1 -0.317000 -0.293000 -0.151000 -0.151000
2 -0.119000 -0.143000 -0.001000 -0.001000
3 -0.170000 -0.236000 -0.001000 -0.001000
4 -0.320000 -0.262000 -0.151000 -0.151000
5 -0.120000 -0.129000 -0.001000 -0.001000
6 -0.170000 -0.324000 -0.001000 -0.001000
7 -0.320000 -0.237000 -0.151000 -0.151000
8 -0.120000 -0.170000 -0.001000 -0.001000
9 -0.170000 -0.289000 -0.001000 -0.001000
10 -0.320000 -0.320000 -0.151000 -0.151000
11 -0.120000 -0.277000 -0.001000 -0.001000
12 -0.170000 -0.292000 -0.001000 -0.001000
13 -0.320000 -0.282000 -0.151000 -0.151000
14 -0.120000 -0.145000 -0.001000 -0.001000
15 -0.170000 -0.140000 -0.001000 -0.001000
16 -0.320000 -0.325000 -0.151000 -0.151000
17 -0.120000 -0.132000 -0.001000 -0.001000
18 -0.170000 -0.321000 -0.001000 -0.001000
19 -0.320000 -0.242000 -0.151000 -0.151000
20 -0.120000 -0.100000 -0.001000 -0.001000
21 -0.170000 -0.297000 -0.001000 -0.001000
22 -0.320000 -0.320000 -0.151000 -0.151000
23 -0.120000 -0.099000 -0.001000 -0.001000
24 -0.170000 -0.308000 -0.001000 -0.001000
25 -0.320000 -0.231000 -0.151000 -0.151000
26 -0.120000 -0.171000 -0.001000 -0.001000
27 -0.170000 -0.259000 -0.001000 -0.001000
28 -0.320000 -0.274000 -0.151000 -0.151000
29 -0.120000 -0.142000 -0.001000 -0.001000
30 -0.170000 -0.288000 -0.001000 -0.001000
31 -0.320000 -0.298000 -0.151000 -0.151000
32 -0.120000 -0.150000 -0.001000 -0.001000
33 -0.170000 -0.146000 -0.001000 -0.001000
34 -0.320000 -0.276000 -0.151000 -0.151000
35 -0.120000 -0.131000 -0.001000 -0.001000
36 -0.170000 -0.325000 -0.001000 -0.001000
37 -0.320000 -0.238000 -0.151000 -0.151000
38 -0.120000 -0.122000 -0.001000 -0.001000
39 -0.170000 -0.246000 -0.001000 -0.001000
40 -0.320000 -0.270000 -0.151000 -0.151000
41 -0.120000 -0.123000 -0.001000 -0.001000
42 -0.170000 -0.310000 -0.001000 -0.001000
43 -0.320000 -0.300000 -0.151000 -0.151000
44 -0.120000 -0.151000 -0.001000 -0.001000
45 -0.170000 -0.246000 -0.001000 -0.001000
46 -0.320000 -0.274000 -0.151000 -0.151000
47 -0.120000 -0.104000 -0.001000 -0.001000
48 -0.170000 -0.311000 -0.001000 -0.001000
49 -0.320000 -0.237000 -0.151000 -0.151000
50 -0.120000 -0.119000 -0.184860 -0.184860
51 -0.170000 -0.297000 -0.199851 -0.199851
52 -0.320000 -0.320000 -0.265132 -0.265132
53 -0.120000 -0.271000 -0.244821 -0.244821
54 -0.170000 -0.285000 -0.262477 -0.262477
55 -0.320000 -0.265000 -0.249187 -0.249187
56 -0.120000 -0.148000 -0.048343 -0.048343
57 -0.170000 -0.256000 -0.176292 -0.176292
58 -0.320000 -0.279000 -0.195908 -0.195908
59 -0.120000 -0.131000 -0.122286 -0.122286
60 -0.170000 -0.155000 -0.108040 -0.108040
61 -0.320000 -0.259000 -0.190894 -0.190894
62 -0.120000 -0.117000 -0.122477 -0.122477
63 -0.170000 -0.296000 -0.286504 -0.286504
64 -0.320000 -0.320000 -0.202566 -0.202566
65 -0.120000 -0.090000 -0.102135 -0.102135
66 -0.170000 -0.305000 -0.108280 -0.108280
67 -0.320000 -0.297000 -0.224490 -0.224490
68 -0.120000 -0.146000 -0.128030 -0.128030
69 -0.170000 -0.141000 -0.138871 -0.138871
70 -0.320000 -0.325000 -0.222037 -0.222037
71 -0.120000 -0.098000 -0.141583 -0.141583
72 -0.170000 -0.308000 -0.196326 -0.196326
73 -0.320000 -0.234000 -0.239806 -0.239806
74 -0.120000 -0.174000 -0.056195 -0.056195
75 -0.170000 -0.259000 -0.255240 -0.255240
76 -0.319999 -0.293999 -0.280950 -0.280950
77 -0.119999 -0.134999 -0.111975 -0.111975
78 -0.169999 -0.323999 -0.135613 -0.135613
79 -0.319999 -0.237999 -0.234951 -0.234951
80 -0.119999 -0.117999 -0.090756 -0.090756
81 -0.169999 -0.294999 -0.099364 -0.099364
82 -0.319999 -0.318999 -0.258937 -0.258937
83 -0.119999 -0.145999 -0.211326 -0.211326
84 -0.169999 -0.285999 -0.110182 -0.110182
85 -0.319999 -0.231999 -0.264535 -0.264535
86 -0.119999 -0.168999 -0.065505 -0.065505
87 -0.169999 -0.248999 -0.237725 -0.237725
88 -0.319999 -0.272999 -0.275595 -0.275595
89 -0.119999 -0.135999 -0.066205 -0.066205
90 -0.169999 -0.161999 -0.137757 -0.137757
91 -0.319999 -0.258999 -0.274400 -0.274400
92 -0.119999 -0.118999 -0.122931 -0.122931
93 -0.169999 -0.293999 -0.130066 -0.130066
94 -0.319999 -0.321999 -0.207386 -0.207386
95 -0.119999 -0.100999 -0.127275 -0.127275
96 -0.169999 -0.305999 -0.445183 -0.445183
97 -0.319999 -0.295999 -0.269203 -0.269203
98 -0.119999 -0.144999 -0.052156 -0.052156
99 -0.169999 -0.252999 -0.052156 -0.052156
