1 -0.107000 -0.109000 -0.151000 -0.151000
2 0.038000 0.011000 -0.001000 -0.001000
3 -0.138000 0.023000 -0.001000 -0.001000
4 -0.140000 -0.116000 -0.151000 -0.151000
5 0.004000 -0.005000 -0.001000 -0.001000
6 -0.002000 0.008000 -0.001000 -0.001000
7 -0.129000 -0.134000 -0.151000 -0.151000
8 0.020000 0.021000 -0.001000 -0.001000
9 0.013000 -0.116000 -0.001000 -0.001000
10 -0.112000 -0.108000 -0.151000 -0.151000
11 0.034000 0.014000 -0.001000 -0.001000
12 0.030000 0.027000 -0.001000 -0.001000
13 -0.144000 -0.115000 -0.151000 -0.151000
14 0.003000 0.000000 -0.001000 -0.001000
15 -0.004000 0.009000 -0.001000 -0.001000
16 -0.129000 -0.131000 -0.151000 -0.151000
17 0.019000 0.026000 -0.001000 -0.001000
18 0.017000 -0.114000 -0.001000 -0.001000
19 -0.108000 -0.151000 -0.151000 -0.151000
20 0.037000 0.010000 -0.001000 -0.001000
21 -0.139000 0.018000 -0.001000 -0.001000
22 -0.141000 -0.125000 -0.151000 -0.151000
23 0.003000 0.035000 -0.001000 -0.001000
24 -0.001000 0.003000 -0.001000 -0.001000
25 -0.126000 -0.133000 -0.151000 -0.151000
26 0.020000 0.033000 -0.001000 -0.001000
27 0.013000 -0.114000 -0.001000 -0.001000
28 -0.110000 -0.144000 -0.151000 -0.151000
29 0.034000 0.017000 -0.001000 -0.001000
30 0.031000 -0.116000 -0.001000 -0.001000
31 -0.143000 -0.111000 -0.151000 -0.151000
32 -0.001000 0.012000 -0.001000 -0.001000
33 -0.003000 0.022000 -0.001000 -0.001000
34 -0.128000 -0.115000 -0.151000 -0.151000
35 0.018000 -0.004000 -0.001000 -0.001000
36 0.011000 0.017000 -0.001000 -0.001000
37 -0.113000 -0.125000 -0.151000 -0.151000
38 0.033000 0.036000 -0.001000 -0.001000
39 0.027000 0.003000 -0.001000 -0.001000
40 -0.146000 -0.132000 -0.151000 -0.151000
41 -0.001000 0.032000 -0.001000 -0.001000
42 -0.005000 -0.107000 -0.001000 -0.001000
43 -0.130000 -0.144000 -0.151000 -0.151000
44 0.014000 0.020000 -0.001000 -0.001000
45 0.011000 -0.116000 -0.001000 -0.001000
46 -0.114000 -0.111000 -0.151000 -0.151000
47 0.031000 0.012000 -0.001000 -0.001000
48 0.026000 0.022000 -0.001000 -0.001000
49 -0.150000 -0.114000 -0.151000 -0.151000
50 -0.003000 -0.004000 0.047932 0.047932
51 -0.129000 0.017000 -0.151363 -0.151363
52 -0.132000 -0.125000 -0.136421 -0.136421
53 0.011000 0.037000 0.022825 0.022825
54 0.010000 0.003000 -0.006970 -0.006970
55 -0.116000 -0.133000 -0.140062 -0.140062
56 0.028000 0.032000 0.024777 0.024777
57 0.026000 -0.113000 -0.005433 -0.005433
58 -0.151000 -0.144000 -0.116675 -0.116675
59 -0.005000 0.018000 -0.016141 -0.016141
60 -0.129000 -0.116000 -0.001243 -0.001243
61 -0.136000 -0.111000 -0.191579 -0.191579
62 0.011000 0.012000 0.035353 0.035353
63 0.007000 0.022000 -0.185249 -0.185249
64 -0.119000 -0.114000 -0.164078 -0.164078
65 0.026000 -0.004000 0.020726 0.020726
66 0.021000 0.017000 -0.043784 -0.043784
67 -0.152000 -0.125000 -0.123020 -0.123020
68 0.042001 0.037000 0.034710 0.032531
69 -0.132000 0.003000 -0.116751 -0.118737
70 -0.139000 -0.133000 -0.176777 -0.180903
71 0.010001 0.032001 0.024861 -0.028840
72 0.006000 -0.111000 -0.020350 -0.149155
73 -0.120000 -0.144000 -0.085787 -0.125218
74 0.026000 0.017001 -0.031023 -0.031043
75 0.022000 -0.116000 0.001427 -0.185269
76 -0.154999 -0.109999 -0.133590 -0.185249
77 0.040001 0.012001 -0.118793 -0.105671
78 -0.133999 0.022000 -0.071394 -0.011914
79 -0.138999 -0.111999 -0.159851 -0.130244
80 0.008001 -0.003999 0.033482 0.026275
81 0.002001 0.019001 -0.183046 -0.136479
82 -0.123999 -0.124999 -0.161974 -0.164117
83 0.023001 0.039001 0.014162 -0.037296
84 0.019001 0.003001 -0.090032 -0.000675
85 -0.107999 -0.130999 -0.178880 -0.110382
86 0.039001 0.032001 0.001504 -0.023954
87 -0.138999 -0.110999 -0.163941 -0.185189
88 -0.139999 -0.143999 -0.104071 -0.092691
89 0.007001 0.019001 0.044601 0.044461
90 -0.000999 -0.115999 -0.167605 -0.184567
91 -0.123999 -0.109999 -0.161837 -0.097026
92 0.022001 0.012001 -0.131459 0.031316
93 0.018001 0.022001 -0.093219 -0.079569
94 -0.108999 -0.111999 -0.098813 -0.157527
95 0.037001 -0.003999 -0.024692 -0.035109
96 -0.138999 0.017001 -0.094448 0.000867
97 -0.140999 -0.124999 -0.150654 -0.135851
98 0.003001 0.040001 0.046622 0.044426
99 -0.000999 0.003001 0.046622 0.044426
