1 0.052186 0.050415 0.062385 0.062385
2 0.051587 0.052174 0.057269 0.057269
3 0.053209 0.051541 0.055894 0.055894
4 0.053280 0.052431 0.055324 0.055324
5 0.052782 0.052847 0.054929 0.054929
6 0.053361 0.053367 0.054675 0.054675
7 0.053381 0.052711 0.054519 0.054519
8 0.053059 0.053378 0.054384 0.054384
9 0.053411 0.053202 0.054280 0.054280
10 0.053420 0.053403 0.054209 0.054209
11 0.053183 0.053198 0.054141 0.054141
12 0.053435 0.053293 0.054085 0.054085
13 0.053440 0.053269 0.054044 0.054044
14 0.053253 0.053337 0.054003 0.054003
15 0.053450 0.053331 0.053968 0.053968
16 0.053453 0.053460 0.053942 0.053942
17 0.053298 0.053327 0.053915 0.053915
18 0.053460 0.053453 0.053891 0.053891
19 0.053462 0.053232 0.053872 0.053872
20 0.053330 0.053268 0.053853 0.053853
21 0.053467 0.053399 0.053836 0.053836
22 0.053468 0.053461 0.053822 0.053822
23 0.053353 0.053297 0.053808 0.053808
24 0.053472 0.053438 0.053795 0.053795
25 0.053473 0.053275 0.053784 0.053784
26 0.053371 0.053470 0.053773 0.053773
27 0.053476 0.053348 0.053762 0.053762
28 0.053477 0.053382 0.053754 0.053754
29 0.053385 0.053420 0.053745 0.053745
30 0.053479 0.053416 0.053737 0.053737
31 0.053480 0.053436 0.053730 0.053730
32 0.053397 0.053442 0.053723 0.053723
33 0.053481 0.053437 0.053716 0.053716
34 0.053482 0.053408 0.053710 0.053710
35 0.053406 0.053419 0.053704 0.053704
36 0.053484 0.053486 0.053699 0.053699
37 0.053484 0.053361 0.053694 0.053694
38 0.053414 0.053413 0.053689 0.053689
39 0.053485 0.053379 0.053684 0.053684
40 0.053486 0.053415 0.053680 0.053680
41 0.053421 0.053421 0.053675 0.053675
42 0.053487 0.053470 0.053671 0.053671
43 0.053488 0.053459 0.053668 0.053668
44 0.053427 0.053461 0.053664 0.053664
45 0.053488 0.053396 0.053660 0.053660
46 0.053489 0.053432 0.053657 0.053657
47 0.053432 0.053410 0.053654 0.053654
48 0.053490 0.053476 0.053651 0.053651
49 0.053490 0.053396 0.053648 0.053648
50 0.053437 0.053432 0.055915 0.055915
51 0.053491 0.053463 0.055024 0.055024
52 0.053491 0.053488 0.055718 0.055718
53 0.053441 0.053438 0.054897 0.054897
54 0.053492 0.053454 0.054796 0.054796
55 0.053492 0.053435 0.054443 0.054443
56 0.053444 0.053468 0.053907 0.053907
57 0.053492 0.053429 0.053711 0.053711
58 0.053493 0.053452 0.053805 0.053805
59 0.053448 0.053455 0.054188 0.054188
60 0.053493 0.053477 0.054053 0.054053
61 0.053493 0.053437 0.053708 0.053708
62 0.053450 0.053445 0.054031 0.054031
63 0.053494 0.053471 0.054052 0.054052
64 0.053494 0.053491 0.053710 0.053710
65 0.053453 0.053426 0.053863 0.053863
66 0.053495 0.053480 0.053861 0.053861
67 0.053495 0.053474 0.053741 0.053741
68 0.053456 0.053474 0.053881 0.053881
69 0.053495 0.053470 0.053890 0.053890
70 0.053495 0.053497 0.053702 0.053702
71 0.053458 0.053439 0.053863 0.053863
72 0.053496 0.053484 0.053625 0.053625
73 0.053496 0.053430 0.053717 0.053717
74 0.053460 0.053497 0.053636 0.053636
75 0.053496 0.053450 0.053733 0.053733
76 0.053496 0.053476 0.053776 0.053776
77 0.053462 0.053470 0.053729 0.053729
78 0.053497 0.053497 0.053765 0.053765
79 0.053497 0.053439 0.053666 0.053666
80 0.053463 0.053460 0.053671 0.053671
81 0.053497 0.053478 0.053680 0.053680
82 0.053497 0.053494 0.053691 0.053691
83 0.053465 0.053480 0.053611 0.053611
84 0.053497 0.053474 0.053682 0.053682
85 0.053497 0.053440 0.053684 0.053684
86 0.053466 0.053495 0.053608 0.053608
87 0.053498 0.053452 0.053637 0.053637
88 0.053498 0.053467 0.053686 0.053686
89 0.053468 0.053476 0.053601 0.053601
90 0.053498 0.053491 0.053692 0.053692
91 0.053498 0.053460 0.053671 0.053671
92 0.053469 0.053467 0.053666 0.053666
93 0.053498 0.053482 0.053671 0.053671
94 0.053498 0.053498 0.053580 0.053580
95 0.053470 0.053458 0.053660 0.053660
96 0.053499 0.053489 0.053506 0.053506
97 0.053499 0.053484 0.053645 0.053645
98 0.053471 0.053483 0.053569 0.053569
99 0.053499 0.053461 0.053569 0.053569
