1 0.0554163
2 0.0546304
3 0.053981
4 0.055075
5 0.0547349
6 0.0545346
7 0.0543984
8 0.0542859
9 0.0541696
10 0.0540756
11 0.0536316
12 0.0540071
13 0.0536072
14 0.0536669
15 0.0536665
16 0.0536594
17 0.0535904
18 0.0536277
19 0.0535755
20 0.0535968
21 0.0535872
22 0.0535564
23 0.0535686
24 0.0535974
25 0.0535893
26 0.0535615
27 0.0537244
28 0.0537212
29 0.0537134
30 0.053708
31 0.0537021
32 0.0536957
33 0.0536913
34 0.053688
35 0.0535721
36 0.0535448
37 0.0535612
38 0.0535528
39 0.0535751
40 0.0535531
41 0.0535364
42 0.0535318
43 0.0535599
44 0.0534941
45 0.0535672
46 0.0535518
47 0.0536251
48 0.053636
49 0.0536336
50 0.053631
51 0.0536224
52 0.0536242
53 0.0536189
54 0.0536177
55 0.0536159
56 0.0536141
57 0.0535452
58 0.0535325
59 0.053512
60 0.0535272
61 0.0536061
62 0.0536061
63 0.0536045
64 0.0535276
65 0.0535356
66 0.0535262
67 0.0535299
68 0.0535375
69 0.0535293
70 0.0535911
71 0.0535913
72 0.0535819
73 0.053592
74 0.0535901
75 0.0535868
76 0.0535851
77 0.0535841
78 0.0535844
79 0.0535835
80 0.0535825
81 0.0535822
82 0.0535821
83 0.0535249
84 0.0535234
85 0.0535232
86 0.0535243
87 0.053521
88 0.0535251
89 0.0535328
90 0.0535301
91 0.0535299
92 0.0535203
93 0.05353
94 0.053524
95 0.0535267
96 0.0535304
97 0.053529
98 0.0535288
99 0.0535329
