1 0.0521855
2 0.0515873
3 0.0532088
4 0.0532802
5 0.0527817
6 0.0533615
7 0.053381
8 0.0530585
9 0.0534109
10 0.0534198
11 0.0531825
12 0.0534353
13 0.0534404
14 0.0532528
15 0.0534499
16 0.0534532
17 0.0532981
18 0.0534596
19 0.0534619
20 0.0533297
21 0.0534665
22 0.0534682
23 0.053353
24 0.0534716
25 0.0534729
26 0.053371
27 0.0534756
28 0.0534767
29 0.0533851
30 0.0534788
31 0.0534797
32 0.0533967
33 0.0534814
34 0.0534821
35 0.0534062
36 0.0534836
37 0.0534842
38 0.0534142
39 0.0534855
40 0.053486
41 0.0534211
42 0.053487
43 0.0534875
44 0.053427
45 0.0534884
46 0.0534888
47 0.0534321
48 0.0534896
49 0.0534899
50 0.0534367
51 0.0534907
52 0.0534909
53 0.0534407
54 0.0534916
55 0.0534919
56 0.0534443
57 0.0534924
58 0.0534927
59 0.0534475
60 0.0534932
61 0.0534934
62 0.0534504
63 0.0534939
64 0.0534941
65 0.053453
66 0.0534945
67 0.0534947
68 0.0534555
69 0.0534951
70 0.0534952
71 0.0534577
72 0.0534956
73 0.0534957
74 0.0534597
75 0.0534961
76 0.0534962
77 0.0534615
78 0.0534965
79 0.0534966
80 0.0534633
81 0.0534969
82 0.053497
83 0.0534649
84 0.0534973
85 0.0534974
86 0.0534664
87 0.0534976
88 0.0534977
89 0.0534677
90 0.053498
91 0.0534981
92 0.053469
93 0.0534983
94 0.0534984
95 0.0534703
96 0.0534986
97 0.0534986
98 0.0534714
99 0.0534988
