1 0.0504153
2 0.0521741
3 0.0515413
4 0.0524309
5 0.0528469
6 0.053367
7 0.052711
8 0.0533775
9 0.0532017
10 0.0534034
11 0.0531978
12 0.0532934
13 0.0532693
14 0.0533374
15 0.0533315
16 0.05346
17 0.0533266
18 0.0534531
19 0.0532321
20 0.053268
21 0.0533991
22 0.0534608
23 0.0532971
24 0.0534376
25 0.053275
26 0.0534702
27 0.0533476
28 0.0533824
29 0.0534203
30 0.0534158
31 0.0534362
32 0.0534419
33 0.0534375
34 0.0534078
35 0.0534185
36 0.0534865
37 0.0533608
38 0.0534128
39 0.0533792
40 0.0534148
41 0.0534211
42 0.0534703
43 0.0534587
44 0.0534611
45 0.0533964
46 0.0534316
47 0.0534105
48 0.0534761
49 0.0533958
50 0.0534324
51 0.0534632
52 0.0534878
53 0.0534385
54 0.0534537
55 0.0534353
56 0.0534682
57 0.0534293
58 0.053452
59 0.0534548
60 0.0534771
61 0.0534371
62 0.0534452
63 0.0534708
64 0.0534915
65 0.0534259
66 0.0534798
67 0.0534738
68 0.0534736
69 0.0534702
70 0.0534967
71 0.0534388
72 0.0534844
73 0.0534304
74 0.0534966
75 0.0534502
76 0.0534757
77 0.0534699
78 0.0534972
79 0.0534389
80 0.0534599
81 0.0534783
82 0.0534944
83 0.0534797
84 0.0534736
85 0.05344
86 0.053495
87 0.053452
88 0.0534673
89 0.0534756
90 0.0534914
91 0.0534604
92 0.0534667
93 0.0534815
94 0.0534978
95 0.0534579
96 0.053489
97 0.0534837
98 0.0534834
99 0.0534609
