1 0.0594528
2 0.0570162
3 0.0555057
4 0.0548723
5 0.0550191
6 0.0546273
7 0.0544144
8 0.0542582
9 0.0541005
10 0.0539929
11 0.0540854
12 0.0539753
13 0.0539087
14 0.0540147
15 0.0539462
16 0.0538871
17 0.053841
18 0.0537938
19 0.0538838
20 0.053834
21 0.053797
22 0.0537677
23 0.0537322
24 0.0537944
25 0.0537536
26 0.0537103
27 0.0536975
28 0.0537483
29 0.053719
30 0.0536819
31 0.0536673
32 0.0537075
33 0.0536848
34 0.0536594
35 0.053715
36 0.0536775
37 0.0536616
38 0.0536418
39 0.0536837
40 0.0536595
41 0.0536372
42 0.0536202
43 0.0536639
44 0.053643
45 0.0536235
46 0.053615
47 0.0536435
48 0.0536293
49 0.0536116
50 0.0536525
51 0.0536274
52 0.053617
53 0.0536026
54 0.0536346
55 0.0536188
56 0.0536023
57 0.0535961
58 0.0536233
59 0.0536103
60 0.0535943
61 0.0535884
62 0.0536105
63 0.0536002
64 0.0535872
65 0.0536189
66 0.0536001
67 0.0535924
68 0.0535816
69 0.0536069
70 0.0535949
71 0.0535823
72 0.0535761
73 0.0535994
74 0.0535901
75 0.0535769
76 0.0535717
77 0.0535904
78 0.0535824
79 0.0535706
80 0.053598
81 0.0535816
82 0.0535768
83 0.0535669
84 0.0535891
85 0.0535782
86 0.0535692
87 0.0535642
88 0.0535837
89 0.0535749
90 0.0535653
91 0.0535611
92 0.0535768
93 0.0535703
94 0.0535605
95 0.0535837
96 0.0535711
97 0.0535661
98 0.0535572
99 0.0535768
