263.8927271
122.6519587
373.5242421
97.3965936
405.7897284
23.02954749
6.902133332
147.8194597
425.9758477
338.2666335
16.80730702
455.3835117
378.5969869
446.2671909
202.2057793
170.9178257
239.2523554
271.9242654
113.3499546
71.234927
98.0895194
322.4432493
353.3132274
317.401406
402.1441852
280.275706
359.2400087
230.8504731
31.43497196
134.654146
17.35828063
382.7376188
240.3893382
208.8465018
452.2471982
15.95343948
96.88295125
351.0421026
337.923426
180.3341177
60.78845848
311.0957818
475.8809893
57.54494177
321.1873186
323.2372193
36.0040199
376.6891569
174.771414
10.10694229
235.4781296
1.46836748
231.929716
92.29589095
35.94129928
104.9278504
