28.49273754
132.271456
52.51432884
125.9309177
26.34879271
158.0516168
294.7710342
120.6110744
87.54242414
36.46756885
109.8629832
26.66456882
60.54119011
72.31043594
83.18854643
114.8367421
9.801200018
93.73649047
73.6514695
295.8195085
87.50073488
254.9744219
220.5329496
114.7490985
26.56879684
68.6665547
175.9259528
135.3556321
116.626251
117.3511144
284.2678553
177.4482777
143.0803722
49.72203841
123.4359792
25.88924612
196.7998757
255.043588
46.91980238
168.789242
246.3155183
79.25902959
95.1323702
96.33590526
45.30273865
65.32520186
43.76891665
320.5194913
142.0816918
41.24220439
22.6201284
227.6502745
76.70648395
204.5427217
216.2191793
126.4063235
219.2112846
